mapBackground0
0
0
1920
1080
mapBackground1
1920
0
1920
1080
mapBackground2
3840
0
1920
1080
mapBackground3
5760
0
1920
1080
mapBackground4
7680
0
1920
1080
mapBackground5
9600
0
1920
1080
mapBackground6
11520
0
1920
1080
mapBackground7
13440
0
1920
1080
mapBackground8
15360
0
1920
1080
mapBackground9
17280
0
1920
1080
mapBackground10
0
1080
1920
1080
mapBackground11
1920
1080
1920
179
mapBackground12
3840
1080
1920
257
mapBackground13
5760
1080
1920
258
mapBackground14
7680
1080
1920
353
mapBackground15
9600
1080
1920
357
mapBackground16
11520
1080
1920
226
mapBackground17
13440
1080
1920
159
mapBackground18
15360
1080
1920
473
mapBackground19
17280
1080
1920
1080
mapBackground20
0
2160
1096
1080
mapBackground21
17280
2160
1536
1080
mapBackground22
0
3240
1353
1080
mapBackground23
17280
3240
1245
1080
mapBackground24
0
4320
1386
1080
mapBackground25
17280
4320
1238
1080
mapBackground26
0
5400
1385
1080
mapBackground27
17280
5400
1238
1080
mapBackground28
0
6480
1337
1080
mapBackground29
17280
6480
1238
1080
mapBackground30
0
7560
1360
1080
mapBackground31
17280
7560
1238
1080
mapBackground32
0
8640
1920
1080
mapBackground33
1920
8640
163
70
mapBackground34
17280
8640
1847
1080
mapBackground35
0
9720
1920
1080
mapBackground36
1920
9720
1920
1080
mapBackground37
3840
9720
1920
892
mapBackground38
5760
9720
1920
892
mapBackground39
7680
9720
1920
892
mapBackground40
9600
9720
1920
892
mapBackground41
11520
9720
1920
757
mapBackground42
13440
9720
1920
657
mapBackground43
15360
9720
1920
1008
mapBackground44
17280
9720
1920
1080
area0
983
1176
1064
866
area1
1799
1090
1689
1820
area2
843
1682
1117
1092
area3
935
2433
1000
1647
area4
1840
2359
1289
1962
area5
1270
3158
1003
1851
area6
3141
1955
878
797
area7
3305
1142
2116
1655
area8
1370
4340
1066
2022
area9
2987
2409
857
1038
area10
4254
1282
1189
823
area11
3681
2384
1087
1163
area12
4262
2767
1071
910
area13
2833
3319
870
1269
area14
1336
5912
1163
1004
area15
1854
5264
1186
1194
area16
2237
4104
998
1273
area17
3638
3409
1486
1634
area18
1336
6725
667
970
area19
1336
7291
602
1122
area20
2607
4467
1557
1342
area21
3723
4987
1447
1263
area22
2702
5691
1532
939
area23
1981
6244
1618
1049
area24
4164
4808
1907
1071
area25
3559
6281
993
888
area26
4216
5774
1520
1113
area27
4923
1330
1557
1336
area28
4961
4061
1286
1304
area29
4743
2643
1296
1509
area30
1337
8121
876
1443
area31
1768
6973
1480
1943
area32
1826
8404
1551
1505
area33
2971
6841
1932
2308
area34
3069
8785
2196
1124
area35
4542
6393
2041
1919
area36
4875
7785
1657
2124
area37
5462
4891
1794
2049
area38
5817
3415
1801
1932
area39
5691
1337
1901
2382
area40
6736
1337
2343
1587
area41
5999
8250
2161
1659
area42
6264
6594
1457
1912
area43
7318
2710
1902
2099
area44
7095
4194
2462
2838
area45
7236
6379
2166
3045
area46
7740
7861
3007
2104
area47
8821
5562
1692
2472
area48
8711
1376
1389
2005
area49
8888
2637
1600
2567
area50
9797
7260
1622
2726
area51
9540
4094
1644
2356
area52
9950
1404
1081
1550
area53
10335
5591
1188
2331
area54
10988
8837
1646
1282
area55
